memcpy benchmark
0
0.001318 0.001301 0.001356
1000
0.187901 0.181131 0.182267
2000
0.199133 0.197838 0.199811
3000
0.218062 0.2179 0.216072
4000
0.232389 0.231652 0.235844
5000
0.25429 0.252513 0.252
6000
0.266534 0.264383 0.266284
7000
0.281179 0.288451 0.289784
8000
0.305679 0.299505 0.302827
9000
0.316547 0.325504 0.314725
10000
0.342226 0.339364 0.330829
11000
0.357437 0.369725 0.347012
12000
0.37747 0.368398 0.374624
13000
0.38986 0.384827 0.395944
14000
0.416878 0.396486 0.411292
15000
0.417248 0.431108 0.419063
16000
0.439861 0.447036 0.44751
17000
0.46154 0.454596 0.467864
18000
0.482913 0.469254 0.480903
19000
0.496647 0.498627 0.501688
20000
0.514129 0.513186 0.507397
21000
0.522283 0.516211 0.515698
22000
0.53244 0.534757 0.542037
23000
0.564825 0.556386 0.549391
24000
0.600339 0.579478 0.566179
25000
0.587103 0.603274 0.577975
26000
0.600165 0.608523 0.609292
27000
0.652896 0.640523 0.619223
28000
0.658983 0.649063 0.639485
29000
0.64825 0.651811 0.670166
30000
0.661742 0.68401 0.692988
31000
0.680109 0.690456 0.68395
32000
0.712148 0.714316 0.722349
33000
0.743189 0.74381 0.741628
34000
0.751372 0.758476 0.754349
35000
0.772393 0.767558 0.777977
36000
0.801912 0.789664 0.784779
37000
0.809405 0.806198 0.809743
38000
0.835631 0.829408 0.83145
39000
0.843382 0.838312 0.848153
40000
0.859649 0.861112 0.867049
41000
0.877977 0.872004 0.889262
42000
0.907056 0.892026 0.894862
43000
0.907488 0.924036 0.906016
44000
0.934602 0.927373 0.937706
45000
0.954766 0.968335 0.952228
46000
0.97022 0.977819 0.964112
47000
0.985573 0.980972 0.982862
48000
1.00628 1.00265 0.998552
49000
1.01076 1.01366 1.01237
50000
1.03738 1.04716 1.03461
51000
1.05381 1.05061 1.05041
52000
1.06948 1.07206 1.07453
53000
1.09456 1.09902 1.10463
54000
1.1092 1.10015 1.1105
55000
1.12271 1.12494 1.11651
56000
1.1441 1.14454 1.14766
57000
1.16084 1.15915 1.15839
58000
1.18261 1.17808 1.17938
59000
1.19985 1.20959 1.20557
60000
1.20847 1.19106 1.21535
61000
1.21428 1.22719 1.22714
62000
1.25181 1.23127 1.25171
63000
1.26263 1.25967 1.27204
64000
1.2886 1.28263 1.27841
65000
1.31234 1.29651 1.32775
66000
1.32528 1.33134 1.3333
67000
1.33883 1.3581 1.36189
68000
1.35909 1.36822 1.3553
69000
1.39155 1.39743 1.40074
70000
1.39819 1.4078 1.40104
71000
1.42788 1.41156 1.4263
72000
1.43162 1.44842 1.43877
73000
1.47777 1.47422 1.46484
74000
1.47219 1.47936 1.45879
75000
1.50856 1.49372 1.48253
76000
1.51246 1.50635 1.49825
77000
1.52582 1.51951 1.53539
78000
1.54311 1.52278 1.53948
79000
1.56381 1.55827 1.57802
80000
1.57548 1.58411 1.5814
81000
1.59763 1.59682 1.59505
82000
1.64055 1.60061 1.63165
83000
1.64306 1.6237 1.6282
84000
1.65541 1.64024 1.63929
85000
1.66273 1.6636 1.65253
86000
1.69021 1.70754 1.68741
87000
1.6841 1.69679 1.70099
88000
1.7211 1.72325 1.71061
89000
1.79169 1.78937 1.75003
90000
1.72992 1.77964 1.76355
91000
1.77528 1.7756 1.76076
92000
1.81915 1.78477 1.79641
93000
1.82078 1.79967 1.81143
94000
1.82766 1.82396 1.83843
95000
1.8222 1.85132 1.8519
96000
1.85062 1.86249 1.86977
97000
1.90386 1.88533 1.86522
98000
1.9058 1.93042 1.91777
99000
1.91239 1.91004 1.89969
100000
1.93226 1.93504 1.91919
